# reach.par created Fri, 14 Jul 2023, 11:26:17 called by HRU-delin
ID	to-reach	length	slope	sinuosity	rough	width
0	0	0	0	1	0	0
999999	999999	99999	90999999	9999	9999
n/a	n/a	m	%	n/a	n/a	m
127	133	94.85	13.7059	1.0	30	0.11
128	132	38.28	7.837	1.0	30	0.12
129	131	72.43	9.6645	1.0	30	0.1
130	131	100.71	13.9013	1.0	30	0.1
131	132	50.0	14.0	1.0	30	0.13
132	133	96.57	15.5328	1.0	30	0.19
133	135	62.43	9.6108	1.0	30	0.24
134	135	230.71	16.4709	1.0	30	0.13
135	590	550.12	13.0881	1.0	30	0.32
136	138	84.85	10.607	1.0	30	0.11
137	138	170.71	21.0884	1.0	30	0.11
138	517	247.28	18.6024	1.0	30	0.18
139	516	44.14	22.6552	1.0	30	0.1
140	515	355.56	25.8747	1.0	30	0.17
141	194	384.56	9.8814	1.0	30	0.14
142	191	437.99	16.667	1.0	30	0.18
143	190	168.99	13.0185	1.0	30	0.11
144	150	272.13	9.1868	1.0	30	0.16
145	149	292.43	6.4973	1.0	30	0.17
146	148	76.57	7.836	1.0	30	0.1
147	148	70.0	8.5714	1.0	30	0.11
148	149	249.71	7.6088	1.0	30	0.17
149	150	273.14	11.3495	1.0	30	0.24
150	164	38.28	7.837	1.0	30	0.24
151	153	174.85	13.1541	1.0	30	0.14
152	153	48.28	10.3563	1.0	30	0.11
153	163	489.41	9.6034	1.0	30	0.23
154	156	208.99	10.5268	1.0	30	0.12
155	156	92.43	9.7371	1.0	30	0.11
156	162	222.43	12.5882	1.0	30	0.18
157	159	363.85	14.0168	1.0	30	0.16
158	159	241.42	14.4976	1.0	30	0.12
159	161	14.14	0.01	1.0	30	0.18
160	161	138.99	15.8285	1.0	30	0.11
161	162	124.14	9.6665	1.0	30	0.25
162	163	176.57	6.7962	1.0	30	0.34
163	164	186.57	6.9679	1.0	30	0.47
164	189	407.99	6.8629	1.0	30	0.59
165	185	80.71	27.2581	1.0	30	0.1
166	184	153.14	25.4669	1.0	30	0.11
167	169	238.99	22.5951	1.0	30	0.16
168	169	320.42	20.2859	1.0	30	0.12
169	183	44.14	11.3276	1.0	30	0.19
170	182	211.42	23.6496	1.0	30	0.11
171	181	570.42	14.3754	1.0	30	0.17
172	174	193.14	11.9085	1.0	30	0.1
173	174	194.85	9.7511	1.0	30	0.12
174	176	90.71	5.5121	1.0	30	0.14
175	176	216.57	10.6201	1.0	30	0.1
176	178	14.14	0.01	1.0	30	0.16
177	178	257.28	10.8831	1.0	30	0.11
178	180	237.28	11.379	1.0	30	0.31
179	180	110.71	18.9685	1.0	30	0.1
180	181	170.71	12.3016	1.0	30	0.4
181	182	230.71	11.2696	1.0	30	0.46
182	183	20.0	10.0	1.0	30	0.52
183	184	38.28	2.6123	1.0	30	0.56
184	185	297.99	9.0607	1.0	30	0.58
185	187	537.7	8.555	1.0	30	0.61
186	187	371.42	17.7696	1.0	30	0.12
187	592	80.71	4.956	1.0	30	0.66
188	592	154.85	12.9157	1.0	30	0.12
189	190	10.0	0.01	1.0	30	0.5
190	191	250.71	4.7864	1.0	30	0.93
191	193	102.43	3.9051	1.0	30	0.97
192	193	116.57	12.8678	1.0	30	0.11
193	194	309.71	4.8432	1.0	30	0.96
194	198	66.57	3.0044	1.0	30	0.97
195	197	325.56	19.9656	1.0	30	0.16
196	197	44.14	11.3276	1.0	30	0.12
197	198	255.56	13.6954	1.0	30	0.28
198	514	194.85	5.1322	1.0	30	0.99
199	513	582.55	14.9343	1.0	30	0.19
200	501	311.42	13.1655	1.0	30	0.11
201	597	158.43	14.5175	1.0	30	0.1
202	216	366.27	17.4734	1.0	30	0.18
203	207	231.42	12.5313	1.0	30	0.12
204	206	112.43	14.2311	1.0	30	0.11
205	206	248.99	14.4584	1.0	30	0.12
206	207	158.28	8.8451	1.0	30	0.2
207	211	239.71	9.1778	1.0	30	0.24
208	210	80.71	8.673	1.0	30	0.12
209	210	130.71	13.0059	1.0	30	0.13
210	211	136.57	7.3223	1.0	30	0.22
211	215	70.71	5.6569	1.0	30	0.25
212	214	285.56	11.2061	1.0	30	0.1
213	214	587.99	12.075	1.0	30	0.19
214	215	34.14	2.9291	1.0	30	0.24
215	216	433.55	9.6875	1.0	30	0.5
216	218	346.27	14.7284	1.0	30	0.59
217	218	178.28	32.5331	1.0	30	0.12
218	220	365.56	12.0363	1.0	30	0.65
219	220	96.57	28.9945	1.0	30	0.11
220	222	257.99	9.3027	1.0	30	0.65
221	222	162.43	20.3164	1.0	30	0.17
222	596	410.74	8.2777	1.0	30	0.68
223	500	124.85	7.2087	1.0	30	0.67
224	234	675.27	11.1067	1.0	30	0.18
225	227	325.56	16.2796	1.0	30	0.13
226	227	583.55	12.1669	1.0	30	0.24
227	231	24.14	4.1425	1.0	30	0.25
228	230	383.85	16.4127	1.0	30	0.16
229	230	120.71	13.2549	1.0	30	0.11
230	231	44.14	9.0621	1.0	30	0.24
231	233	120.71	6.6275	1.0	30	0.41
232	233	224.85	15.1212	1.0	30	0.12
233	234	143.14	5.5889	1.0	30	0.44
234	499	321.42	5.6001	1.0	30	0.49
235	498	158.99	10.0635	1.0	30	0.1
236	262	134.85	11.1235	1.0	30	0.11
237	239	233.14	11.1521	1.0	30	0.14
238	239	160.71	10.5781	1.0	30	0.12
239	261	291.42	7.2061	1.0	30	0.24
240	246	329.71	21.5341	1.0	30	0.13
241	243	78.28	6.3873	1.0	30	0.11
242	243	122.43	18.7862	1.0	30	0.11
243	245	469.41	8.9474	1.0	30	0.22
244	245	218.99	15.5258	1.0	30	0.13
245	246	437.28	7.0893	1.0	30	0.34
246	258	511.13	9.7822	1.0	30	0.46
247	251	82.43	6.0658	1.0	30	0.12
248	250	134.85	5.9325	1.0	30	0.13
249	250	423.85	10.1451	1.0	30	0.13
250	251	168.99	9.468	1.0	30	0.25
251	255	56.57	7.0709	1.0	30	0.26
252	254	120.71	11.598	1.0	30	0.1
253	254	34.14	5.8582	1.0	30	0.1
254	255	284.85	12.2872	1.0	30	0.16
255	257	70.71	9.8996	1.0	30	0.31
256	257	237.28	17.7006	1.0	30	0.13
257	258	442.13	9.4995	1.0	30	0.42
258	260	64.14	6.2364	1.0	30	0.62
259	260	142.43	14.7441	1.0	30	0.11
260	261	176.57	6.7962	1.0	30	0.65
261	262	10.0	0.01	1.0	30	0.68
262	497	511.42	6.6482	1.0	30	0.74
263	265	358.7	14.7756	1.0	30	0.12
264	265	140.71	9.2389	1.0	30	0.12
265	600	151.42	8.5854	1.0	30	0.19
266	270	102.43	23.4306	1.0	30	0.1
267	269	24.14	4.1425	1.0	30	0.11
268	269	273.85	18.9885	1.0	30	0.16
269	270	432.84	13.6309	1.0	30	0.3
270	600	802.84	8.719	1.0	30	0.4
271	495	293.85	13.2721	1.0	30	0.13
272	274	52.43	17.1657	1.0	30	0.11
273	274	300.71	22.6131	1.0	30	0.18
274	276	122.43	13.8855	1.0	30	0.22
275	276	114.14	15.7701	1.0	30	0.13
276	278	108.99	9.1752	1.0	30	0.29
277	278	92.43	9.7371	1.0	30	0.14
278	602	405.27	10.6102	1.0	30	0.32
279	281	24.14	4.1425	1.0	30	0.1
280	281	180.71	14.9411	1.0	30	0.11
281	602	118.28	9.3	1.0	30	0.14
282	286	285.56	14.0076	1.0	30	0.13
283	285	96.57	10.3552	1.0	30	0.12
284	285	591.13	10.1501	1.0	30	0.2
285	286	407.99	9.8042	1.0	30	0.3
286	298	257.28	6.2189	1.0	30	0.35
287	295	353.85	9.6086	1.0	30	0.14
288	292	225.56	8.8668	1.0	30	0.12
289	291	84.14	10.6965	1.0	30	0.12
290	291	38.28	10.4493	1.0	30	0.11
291	292	300.71	8.3137	1.0	30	0.19
292	294	154.85	5.8121	1.0	30	0.24
293	294	140.71	7.8175	1.0	30	0.1
294	295	174.14	6.891	1.0	30	0.3
295	297	124.14	6.4443	1.0	30	0.37
296	297	160.71	11.2003	1.0	30	0.11
297	298	363.14	6.3336	1.0	30	0.41
298	300	62.43	6.4072	1.0	30	0.46
299	300	287.28	6.2657	1.0	30	0.14
300	493	512.84	6.6297	1.0	30	0.55
301	492	341.42	12.0087	1.0	30	0.16
302	491	547.7	11.8678	1.0	30	0.14
303	490	379.71	10.5344	1.0	30	0.17
304	489	531.84	12.4097	1.0	30	0.16
305	319	106.57	9.3835	1.0	30	0.13
306	308	118.28	16.909	1.0	30	0.12
307	308	48.28	10.3563	1.0	30	0.11
308	316	143.14	11.8765	1.0	30	0.18
309	311	178.99	17.3194	1.0	30	0.1
310	311	38.28	13.0617	1.0	30	0.1
311	315	96.57	14.4973	1.0	30	0.16
312	314	191.42	13.0603	1.0	30	0.13
313	314	98.28	12.21	1.0	30	0.11
314	315	261.42	13.7709	1.0	30	0.22
315	316	193.14	11.9085	1.0	30	0.29
316	318	307.99	9.0912	1.0	30	0.38
317	318	92.43	10.819	1.0	30	0.12
318	319	52.43	7.6292	1.0	30	0.4
319	488	413.85	8.6988	1.0	30	0.42
320	328	360.42	13.5952	1.0	30	0.14
321	327	235.56	16.1318	1.0	30	0.16
322	324	34.14	14.6456	1.0	30	0.13
323	324	82.43	18.1973	1.0	30	0.1
324	326	74.14	20.232	1.0	30	0.19
325	326	430.42	20.4451	1.0	30	0.12
326	327	126.57	13.4313	1.0	30	0.3
327	328	80.0	10.0	1.0	30	0.36
328	604	163.14	8.5816	1.0	30	0.42
329	331	386.98	16.0215	1.0	30	0.12
330	331	58.28	13.7268	1.0	30	0.12
331	604	472.13	16.7327	1.0	30	0.29
332	334	283.85	22.1948	1.0	30	0.16
333	334	136.57	16.8412	1.0	30	0.13
334	336	241.42	11.598	1.0	30	0.23
335	336	146.57	12.9631	1.0	30	0.14
336	338	187.28	8.5434	1.0	30	0.26
337	338	104.85	8.5837	1.0	30	0.1
338	486	609.41	9.0251	1.0	30	0.32
339	485	444.56	17.9953	1.0	30	0.16
340	484	86.57	19.6373	1.0	30	0.12
341	361	110.71	28.9043	1.0	30	0.11
342	360	480.42	22.2722	1.0	30	0.14
343	359	508.7	19.8545	1.0	30	0.14
344	358	273.85	16.0672	1.0	30	0.17
345	355	88.28	16.9914	1.0	30	0.1
346	354	634.26	16.7124	1.0	30	0.22
347	353	76.57	13.0599	1.0	30	0.18
348	350	210.71	12.3392	1.0	30	0.13
349	350	62.43	9.6108	1.0	30	0.11
350	352	148.99	11.4102	1.0	30	0.16
351	352	120.71	9.9412	1.0	30	0.12
352	353	474.56	15.5934	1.0	30	0.3
353	354	363.14	11.8412	1.0	30	0.38
354	355	612.55	7.9993	1.0	30	0.62
355	357	378.7	8.45	1.0	30	0.69
356	357	433.85	11.7552	1.0	30	0.18
357	358	247.28	8.088	1.0	30	0.72
358	359	124.85	8.8106	1.0	30	0.81
359	360	74.14	8.0928	1.0	30	0.85
360	361	287.99	5.903	1.0	30	0.87
361	483	709.83	5.3534	1.0	30	0.91
362	482	132.43	11.3267	1.0	30	0.11
363	365	676.69	13.3	1.0	30	0.24
364	365	318.99	16.9284	1.0	30	0.12
365	481	102.43	10.739	1.0	30	0.3
366	480	157.28	11.4446	1.0	30	0.1
367	395	162.43	12.313	1.0	30	0.11
368	370	239.71	21.6929	1.0	30	0.12
369	370	38.28	15.674	1.0	30	0.11
370	394	426.27	14.0756	1.0	30	0.23
371	391	90.71	19.8435	1.0	30	0.1
372	386	28.28	0.01	1.0	30	0.13
373	383	62.43	9.6108	1.0	30	0.1
374	376	341.42	21.6742	1.0	30	0.14
375	376	454.56	22.8793	1.0	30	0.14
376	378	30.0	6.6667	1.0	30	0.25
377	378	215.56	20.8759	1.0	30	0.12
378	380	84.14	10.6965	1.0	30	0.32
379	380	215.56	17.1646	1.0	30	0.11
380	382	251.42	11.9322	1.0	30	0.38
381	382	185.56	27.4844	1.0	30	0.12
382	383	284.85	10.5319	1.0	30	0.46
383	385	132.43	9.0614	1.0	30	0.58
384	385	38.28	5.2247	1.0	30	0.1
385	386	116.57	8.5785	1.0	30	0.62
386	388	92.43	7.5733	1.0	30	0.66
387	388	217.28	17.0287	1.0	30	0.12
388	390	332.13	6.6239	1.0	30	0.68
389	390	194.85	19.5022	1.0	30	0.16
390	391	341.13	7.9149	1.0	30	0.77
391	393	201.42	7.4471	1.0	30	0.81
392	393	457.99	15.7209	1.0	30	0.18
393	394	219.71	6.8272	1.0	30	0.83
394	395	385.56	6.4841	1.0	30	0.93
395	479	780.83	5.8912	1.0	30	0.98
396	406	273.85	22.6401	1.0	30	0.16
397	401	153.14	6.53	1.0	30	0.1
398	400	313.85	9.2401	1.0	30	0.12
399	400	38.28	2.6123	1.0	30	0.11
400	401	20.0	5.0	1.0	30	0.14
401	403	177.28	6.2049	1.0	30	0.17
402	403	96.57	5.1776	1.0	30	0.12
403	405	839.83	10.5974	1.0	30	0.34
404	405	126.57	21.3321	1.0	30	0.12
405	406	144.85	9.6652	1.0	30	0.47
406	408	560.42	10.8847	1.0	30	0.56
407	408	275.56	23.2254	1.0	30	0.13
408	476	746.69	9.7765	1.0	30	0.65
409	475	170.71	20.5026	1.0	30	0.12
410	474	334.56	24.5098	1.0	30	0.1
411	473	272.13	15.8013	1.0	30	0.17
412	472	213.14	17.3595	1.0	30	0.11
413	471	164.85	14.5587	1.0	30	0.1
414	470	346.27	13.862	1.0	30	0.18
415	469	566.98	14.2862	1.0	30	0.48
416	468	104.85	16.2136	1.0	30	0.3
417	447	60.0	21.6667	1.0	30	0.11
418	432	247.99	17.7427	1.0	30	0.14
419	421	143.14	17.4654	1.0	30	0.13
420	421	409.41	15.1437	1.0	30	0.1
421	423	350.42	11.7002	1.0	30	0.23
422	423	38.28	2.6123	1.0	30	0.11
423	425	229.71	12.1893	1.0	30	0.35
424	425	68.28	10.2519	1.0	30	0.12
425	427	76.57	7.836	1.0	30	0.42
426	427	118.28	13.5272	1.0	30	0.1
427	429	376.98	10.0801	1.0	30	0.5
428	429	215.56	22.2676	1.0	30	0.12
429	431	219.71	10.9235	1.0	30	0.55
430	431	24.14	8.285	1.0	30	0.16
431	432	52.43	5.7219	1.0	30	0.58
432	442	178.99	6.7043	1.0	30	0.6
433	439	307.99	17.2084	1.0	30	0.16
434	436	541.42	14.2219	1.0	30	0.23
435	436	297.99	14.0944	1.0	30	0.11
436	438	860.12	10.5799	1.0	30	0.5
437	438	535.56	11.3899	1.0	30	0.17
438	439	58.28	6.8634	1.0	30	0.6
439	441	884.68	6.443	1.0	30	0.74
440	441	949.41	12.0075	1.0	30	0.28
441	442	421.42	7.1188	1.0	30	0.87
442	444	827.4	5.197	1.0	30	1.11
443	444	153.14	15.6719	1.0	30	0.11
444	446	58.28	5.1476	1.0	30	1.15
445	446	154.85	16.7904	1.0	30	0.12
446	447	44.14	4.531	1.0	30	1.09
447	463	1172.67	6.3104	1.0	30	1.17
448	456	270.71	14.4066	1.0	30	0.12
449	451	423.55	12.0411	1.0	30	0.2
450	451	307.99	11.364	1.0	30	0.11
451	453	104.85	7.6299	1.0	30	0.29
452	453	373.14	12.3278	1.0	30	0.13
453	455	134.85	8.8988	1.0	30	0.37
454	455	82.43	8.4921	1.0	30	0.1
455	456	237.28	9.2717	1.0	30	0.46
456	458	70.71	5.6569	1.0	30	0.5
457	458	259.71	12.7065	1.0	30	0.1
458	460	592.55	6.5817	1.0	30	0.61
459	460	277.99	21.9432	1.0	30	0.11
460	462	573.55	7.4972	1.0	30	0.68
461	462	48.28	10.3563	1.0	30	0.16
462	463	160.71	11.2003	1.0	30	0.59
463	465	948.11	4.5353	1.0	30	1.44
464	465	62.43	17.6197	1.0	30	0.1
465	467	167.28	3.5868	1.0	30	1.49
466	467	100.71	10.9225	1.0	30	0.18
467	468	160.71	4.9779	1.0	30	1.4
468	469	148.28	5.3952	1.0	30	1.17
469	470	204.14	4.8986	1.0	30	1.51
470	471	114.14	4.3806	1.0	30	1.58
471	472	10.0	0.01	1.0	30	1.59
472	473	66.57	4.5065	1.0	30	1.59
473	474	76.57	5.224	1.0	30	1.59
474	475	692.55	5.9202	1.0	30	1.57
475	476	220.71	5.437	1.0	30	1.65
476	478	227.99	5.702	1.0	30	1.76
477	478	160.71	19.9116	1.0	30	0.11
478	479	307.99	4.5456	1.0	30	1.7
479	480	210.71	4.2713	1.0	30	1.86
480	481	226.57	3.5309	1.0	30	1.98
481	482	303.14	3.6287	1.0	30	2.01
482	483	24.14	4.1425	1.0	30	2.07
483	484	231.42	3.889	1.0	30	2.14
484	485	50.0	4.0	1.0	30	2.3
485	486	452.13	4.2023	1.0	30	2.16
486	487	82.43	2.4263	1.0	30	2.34
487	488	34.14	0.01	1.0	30	2.36
488	489	332.43	3.9106	1.0	30	2.36
489	490	40.0	0.01	1.0	30	2.47
490	491	437.99	4.338	1.0	30	2.43
491	492	20.0	0.01	1.0	30	2.48
492	493	52.43	1.9073	1.0	30	2.38
493	494	278.99	3.5844	1.0	30	2.53
494	495	732.84	3.8208	1.0	30	2.58
495	496	208.99	3.3494	1.0	30	2.31
496	497	64.14	1.5591	1.0	30	2.66
497	498	255.56	3.1304	1.0	30	2.62
498	499	153.14	2.612	1.0	30	2.7
499	500	48.28	2.0713	1.0	30	2.75
500	501	297.99	3.3558	1.0	30	2.74
501	512	30.0	3.3333	1.0	30	2.83
502	510	214.85	17.2213	1.0	30	0.12
503	509	253.14	17.3817	1.0	30	0.12
504	506	148.99	34.9017	1.0	30	0.12
505	506	537.99	24.164	1.0	30	0.18
506	508	215.56	19.0202	1.0	30	0.3
507	508	418.99	29.595	1.0	30	0.16
508	509	235.56	10.613	1.0	30	0.37
509	510	247.28	9.3012	1.0	30	0.43
510	594	128.99	7.7525	1.0	30	0.43
511	594	346.27	12.9956	1.0	30	0.12
512	513	348.99	2.5789	1.0	30	2.83
513	514	142.43	2.1063	1.0	30	2.9
514	515	144.85	2.7615	1.0	30	2.91
515	516	198.99	2.5127	1.0	30	2.99
516	517	248.99	2.8114	1.0	30	3.07
517	590	62.43	1.6018	1.0	30	3.08
590	591	115.88	0.863	1.0	30	3.1
591	0	7.76	0.01	1.0	30	3.13
592	593	215.0	6.9767	1.0	30	0.68
593	189	139.56	7.8819	1.0	30	0.72
594	595	253.73	7.0942	1.0	30	0.44
595	512	34.26	8.7566	1.0	30	1.46
596	223	0.68	0.01	1.0	30	0.5
597	223	0.57	0.01	1.0	30	0.74
600	601	9.32	0.01	1.0	30	0.46
601	496	53.11	13.1802	1.0	30	1.28
602	603	304.17	9.5341	1.0	30	0.42
603	494	58.97	13.5662	1.0	30	1.16
604	605	896.57	8.8114	1.0	30	0.58
605	487	52.55	7.6118	1.0	30	1.14
# end of reach.par