# hru.par created Fri, 16 Jun 2023, 18:14:47 by HRU-DELIN_BATCH
ID	area	elevation	slope	aspect	x	y	watershed	subbasin	soilID	landuseID	to_poly	to_reach
0	0	0	0	0	0	0	0	0	0	0	0	0
999999	9999999	10000	90	360	9999999	9999999	999999	999999	9999	9999	999999	999999
n/a	m2	m	deg	deg	m	m	n/a	n/a	n/a	n/a	n/a	n/a
1	36700	2561	10.696	314			4	7		15		
2	314700	2523	7.826	270			4	4		15		
3	59800	2533	14.077	256			4	7		15		
4	24900	2727	9.604	268			4	1		2		
5	36500	2692	6.918	147			4	5		2		
6	185500	2526	12.136	-17			4	7		2		
7	188400	2517	7.772	-38			4	7		15		
8	20200	2709	8.483	300			4	5		2		
9	337700	2662	15.805	256			4	5		2		
10	164300	2682	15.204	277			4	1		2		
11	94800	2579	8.355	-43			4	7		2		
12	22000	2724	17.562	273			4	1		2		
13	53700	2686	14.489	268			4	5		2		
14	28900	2603	10.256	-42			4	7		2		
15	66200	2586	12.253	183			4	2		2		
16	21200	2568	7.954	310			4	2		2		
17	72300	2617	11.339	308			4	3		2		
18	347700	2548	13.762	291			4	3		2		
19	160200	2529	14.854	280			4	2		2		
20	95700	2680	15.595	41			4	1		3		
21	20700	2704	15.973	301			4	1		2		
22	50200	2629	11.034	-17			4	3		2		
23	44700	2565	8.685	260			4	2		2		
24	32900	2733	15.428	304			4	1		3		
25	30500	2675	8.156	-25			4	17		2		
26	42800	2504	9.458	-33			4	7		2		
27	39800	2549	20.317	140			4	2		3		
28	55300	2665	16.417	113			4	1		2		
29	49100	2627	7.155	310			4	3		2		
30	48100	2688	12.687	310			4	1		2		
31	33300	2619	11.651	282			4	5		2		
32	57300	2566	15.014	155			4	2		3		
33	35200	2618	13.219	87			4	5		1		
34	27100	2640	7.524	15			4	1		2		
35	165200	2627	16.253	279			4	8		2		
36	43400	2548	11.085	307			4	2		2		
37	44400	2777	9.461	-44			4	6		3		
38	22100	2554	6.816	221			4	4		15		
39	61000	2706	17.755	107			4	1		3		
40	49600	2479	11.851	309			4	7		1		
41	53700	2512	26.904	275			4	2		2		
42	75200	2522	13.601	202			4	4		15		
43	108700	2668	15.943	90			4	5		2		
44	78800	2480	12.202	9			4	4		2		
45	122700	2486	13.104	263			4	7		15		
46	47300	2589	20.183	55			4	5		1		
47	84800	2631	13.666	303			4	17		2		
48	133500	2549	12.995	263			4	7		2		
49	48000	2488	20.633	241			4	4		2		
50	64800	2630	25.952	259			4	5		2		
51	130600	2733	14.451	312			4	6		2		
52	108500	2709	15.421	101			4	1		3		
53	119400	2572	13.236	310			4	17		2		
54	56400	2683	21.691	51			4	5		1		
55	44400	2716	13.274	131			4	9		2		
56	71400	2765	17.484	130			4	1		3		
57	21400	2578	6.806	-12			4	3		2		
58	52000	2709	17.853	42			4	1		3		
59	37500	2726	19.476	111			4	1		2		
60	40200	2511	13.845	135			4	2		3		
61	55400	2585	17.949	249			4	5		1		
62	40000	2515	9.794	277			4	7		2		
63	27300	2499	13.103	83			4	2		3		
64	65700	2485	15.172	252			4	11		2		
65	48600	2732	16.539	114			4	6		1		
66	109100	2489	11.236	302			4	14		2		
67	44400	2494	9.066	-35			4	14		2		
68	31600	2492	22.573	86			4	2		3		
69	188900	2506	20.755	263			4	11		2		
70	24400	2647	28.343	65			4	5		1		
71	33500	2448	19.142	177			4	2		2		
72	59600	2444	11.618	11			4	4		2		
73	53900	2576	15.876	219			4	5		2		
74	32500	2453	5.589	-39			4	7		2		
75	33700	2466	10.331	198			4	7		1		
76	22900	2469	12.565	275			4	12		2		
77	21300	2612	22.349	41			4	5		1		
78	28000	2489	16.51	225			4	12		2		
79	230100	2806	17.22	139			4	9		1		
80	53200	2631	22.144	-13			4	10		3		
81	40700	2720	19.407	93			4	5		3		
82	28300	2751	7.37	-24			4	6		2		
83	62500	2784	20.822	37			4	1		3		
84	53000	2741	10.022	-14			4	9		1		
85	47200	2743	7.446	306			4	10		3		
86	78000	2446	11.724	285			4	12		2		
87	36000	2740	16.583	135			4	9		2		
88	328300	2698	15.868	299			4	10	1	3		
89	91400	2566	8.561	-2			4	8		2		
90	61700	2579	16.806	-20			4	10	1	3		
91	30000	2765	15.588	-37			4	6		1		
92	58300	2772	14.254	105			4	6		1		
93	26000	2563	14.115	281			4	8		2		
94	243500	2512	8.349	284			4	17		2		
95	64000	2458	17.771	159			4	7		2		
96	27100	2409	7.218	-29			4	12		2		
97	68500	2430	13.876	210			4	12		2		
98	30300	2832	15.894	83			4	1		3		
99	43900	2447	10.294	275			4	14		2		
100	26800	2827	18.947	292			4	10		3		
101	110900	2791	15.131	-14			4	10		3		
102	25100	2569	14.74	255			4	16		2		
103	58800	2537	17.687	252			4	16		2		
104	23200	2436	11.469	309			4	7		2		
105	50200	2498	11.558	-34			4	14		2		
106	49200	2477	15.522	0			4	12		2		
107	74600	2913	14.075	281			4	13		3		
108	25500	2938	12.098	278			4	13		2		
109	41300	2725	9.946	109			4	6		1		
110	28900	2773	22.054	120			4	6		1		
111	58300	2493	8.089	-12			4	3		2		
112	36600	2471	7.64	-28			4	14		2		
113	104000	2435	14.078	284			4	11		2		
114	37300	2767	9.725	73			4	6		1		
115	70400	2814	20.573	312			4	6		2		
116	21000	2571	11.118	269			4	16		2		
117	30100	2792	24.333	135			4	9		2		
118	130400	2421	13.201	0			4	12		2		
119	87300	2524	12.25	280			4	8		2		
120	20100	2487	10.72	290			4	17		2		
121	62800	2775	14.518	-20			4	9		2		
122	34000	2522	14.454	291			4	8		2		
123	119500	2942	7.524	10			4	13		3		
124	122000	2566	14.063	23			4	16	1	3		
125	26600	2618	11.812	-21			4	16		2		
126	87400	2450	11.411	314			4	14		2		
127	39100	2433	7.445	260			4	11		2		
128	38500	2471	13.082	132			4	11		3		
129	164200	2423	13.826	185			4	11		2		
130	40100	2615	15.154	118			4	10	1	3		
131	48800	2445	21.974	199			4	14		1		
132	31500	2814	6.762	0			4	9		2		
133	29100	2463	13.17	268			4	14		1		
134	99600	2875	15.342	253			4	13		3		
135	21600	2806	13.453	91			4	6		2		
136	32500	2847	13.505	288			4	10		3		
137	51100	2641	17.089	97			4	10	1	3		
138	34100	2498	5.407	296			4	8		1		
139	33300	2767	3.913	25			4	9		1		
140	36300	2411	8.084	-32			4	11		2		
141	85800	2796	12.667	42			4	6		1		
142	22200	2485	16.227	306			4	17		1		
143	73800	2480	13.737	92			4	17		2		
144	302000	2822	7.4	55			4	9		1		
145	38000	2447	14.748	64			4	14		2		
146	26300	2785	7.863	-3			4	10		3		
147	40900	2509	13.605	118			4	15	1	3		
148	157200	2837	12.826	73			4	6		2		
149	26000	2509	13.328	85			4	8		2		
150	29100	2806	20.09	290			4	10		3		
151	40700	2781	9.74	301			4	10		3		
152	34800	2484	14.2	298			4	17		2		
153	37900	2418	13.891	0			4	11		2		
154	22700	2845	25.341	279			4	13		2		
155	47500	2475	14.371	191			4	11		2		
156	24200	2498	12.822	230			4	22		2		
157	21700	2478	24.325	290			4	12		2		
158	301300	2968	14.579	58			4	13		3		
159	34900	2408	24.287	202			4	12		2		
160	54600	2406	14.236	301			4	11		2		
161	27600	2819	12.665	131			4	9		1		
162	49200	2817	13.742	309			4	10		2		
163	22900	2655	8.29	310			4	16		3		
164	54900	2840	7.396	0			4	13		1		
165	65900	2809	13.411	-32			4	9		2		
166	63700	2540	7.117	46			4	8		3		
167	45200	2850	10.976	114			4	6		2		
168	63600	2683	9.886	41			4	10	1	3		
169	151400	2643	15.356	298			4	16	1	3		
170	53900	2455	14.228	79			4	14		3		
171	75500	2449	11.874	285			1	18		2		
172	25100	2422	19.393	18			4	14		1		
173	46000	2498	13.494	12			4	17		3		
174	28200	2428	25.855	287			4	12		2		
175	49800	2386	12.048	139			4	11		2		
176	67900	2855	12.149	154			4	19		1		
177	37100	2820	18.91	115			4	6		1		
178	110100	2719	16.148	0			4	16	1	3		
179	81400	2867	14.837	-29			4	19		2		
180	32400	2407	23.217	291			4	12		1		
181	30400	2545	13.091	113			4	16	1	3		
182	333300	2527	13.951	65			1	18		3		
183	40200	2846	14.919	45			4	13		2		
184	40700	2490	17.521	98			5	23		3		
185	54600	2484	10.533	84			4	14		3		
186	89600	2800	4.863	0			4	10		3		
187	99900	2576	13.176	305			4	16	1	3		
188	26300	2440	16.262	90			1	18		3		
189	41100	2384	8.21	267			4	12		2		
190	24100	2871	12.307	111			4	13		1		
191	39800	2384	16.214	268			4	11		2		
192	38700	2396	14.027	63			4	12		2		
193	29800	2401	22.527	-31			4	22		2		
194	54600	3061	14.522	-1			4	13		3		
195	42000	2818	5.679	0			4	10		2		
196	20600	2758	7.774	-13			4	10	1	4		
197	108600	2532	8.09	-21			4	15	1	3		
198	49900	2417	19.59	57			4	12		2		
199	30400	2879	10.473	-33			4	13		1		
200	69900	2777	13.385	-9			4	16		2		
201	33300	2469	26.387	267			4	22		2		
202	63200	2397	20.76	179			4	22		15		
203	230500	2561	13.904	0			5	23		3		
204	95300	2781	12.456	56			4	10	1	3		
205	25700	2555	7.001	-44			4	16	1	4		
206	55000	2522	15.685	54			4	17	1	3		
207	57800	2531	10.552	51			4	14		3		
208	24100	2535	19.046	125			4	15	1	3		
209	53800	2570	14.298	100			4	16	1	3		
210	96800	2377	23.072	282			4	22		2		
211	64300	2529	15.545	108			5	23		3		
212	28100	2881	17.165	101			4	13		1		
213	65900	2639	13.576	20			4	16	1	3		
214	45500	2488	7.647	0			1	18		3		
215	103400	2420	8.782	49			2	20		3		
216	28600	2368	9.675	47			4	11		2		
217	57700	2400	10.769	73			2	20		3		
218	40200	2408	13.275	4			4	11		2		
219	31500	2908	17.356	113			4	13		3		
220	364100	2865	12.858	99			4	9		1		
221	83900	2589	11.832	78			4	16	1	3		
222	40700	2550	11.032	56			4	17	1	3		
223	41300	2384	23.794	180			4	11		2		
224	39100	2374	32.543	283			4	22		2		
225	596400	2987	15.398	101			4	13		1		
226	94700	2557	14.245	-35			4	15	1	3		
227	342700	2521	14.891	81			2	20		3		
228	79700	2375	9.099	65			4	11		3		
229	31500	2893	6.237	71			4	13		1		
230	241000	2671	15	-26			4	16	1	2		
231	127500	2841	7.996	80			4	10		2		
232	33200	2587	8.029	84			4	16	1	3		
233	29500	2356	18.731	287			4	22		2		
234	59900	2582	13.542	76			4	17	1	3		
235	24800	2409	8.434	255			4	11		2		
236	46900	2915	14.054	-43			4	19		1		
237	53900	2820	11.511	118			4	10	1	3		
238	23600	2937	7.09	119			4	13		1		
239	54200	2589	6.946	0			4	15		3		
240	40900	2376	23.312	239			4	11		2		
241	85300	2865	11.144	87			4	19		1		
242	25400	2335	21.652	105			4	22		2		
243	163400	2387	14.034	96			4	22		15		
244	409800	2974	14.337	93			4	19		1		
245	25800	2361	11.18	64			4	11		3		
246	30500	2401	8.358	-31			3	21	1	3		
247	23100	2824	14.24	308			4	16		2		
248	101900	2579	14.619	120			4	15	1	3		
249	23300	2507	20.687	88			1	18		3		
250	58700	2440	15.682	72			2	20		4		
251	124400	2406	13.21	89			3	21	1	3		
252	253900	2970	7.362	0			4	13		1		
253	62900	2613	11.825	87			4	16	1	3		
254	47400	2631	10.064	-8			4	15	1	3		
255	52300	2346	12.708	270			4	11	1	2		
256	44300	2334	10.45	74			4	22		1		
257	22200	2598	8.981	-41			4	15		3		
258	39900	2554	14.774	115			4	15	1	3		
259	63500	2570	12.732	202			5	23		3		
260	501200	2667	14.372	58			5	23	1	3		
261	40700	2431	14.097	-37			3	21	1	3		
262	67100	2811	20.012	294			4	16		2		
263	41800	2761	16.091	306			4	16		2		
264	34300	2426	19.114	89			3	21	1	4		
265	66200	2939	7.408	44			4	19		1		
266	84000	2938	8.576	64			4	19		1		
267	64900	2889	17.455	100			4	19		1		
268	43300	2351	11.431	-26			4	25		2		
269	23500	2439	10.699	113			4	22		15		
270	62700	2624	13.179	119			4	15	1	3		
271	20700	2626	7.765	-8			5	23		2		
272	53500	2353	15.86	80			4	11		3		
273	73600	3077	22.027	-35			4	13		2		
274	90300	2639	13.788	102			4	16	1	3		
275	29700	2647	17.108	123			4	16	1	3		
276	153600	2412	14.195	0			6	24	1	3		
277	33100	2389	10.043	37			4	11	1	3		
278	35100	2606	11.455	52			4	15		3		
279	44100	2735	12.956	299			4	16		2		
280	130300	3096	13.787	0			4	13		2		
281	26400	2378	21.154	68			4	22		15		
282	48600	2854	9.826	314			4	16	1	2		
283	43900	2616	16.756	73			4	15	1	3		
284	45100	2605	15.037	116			4	15	1	3		
285	26500	2373	11.546	203			4	25		1		
286	69800	2422	16.577	181			4	22		15		
287	46800	2509	13.813	0			3	21		3		
288	60700	2390	8.121	77			4	25		3		
289	42100	2788	15.989	306			4	16	1	3		
290	57000	2694	11.139	67			4	15	1	3		
291	65000	2634	14.125	-13			4	15	1	3		
292	90000	2938	13.937	27			4	9		2		
293	82700	2910	15.079	-11			4	16	1	2		
294	26400	2498	24.017	-33			3	21		2		
295	20400	2962	7.431	60			4	13		1		
296	141500	2687	15.121	-37			4	15	1	3		
297	24200	2655	10.664	116			4	15	1	3		
298	41900	2656	7.447	49			5	23		3		
299	104000	2486	22.042	75			3	21	1	3		
300	342300	2712	14.645	95			4	16	1	3		
301	232800	2680	15.653	98			4	15	1	3		
302	54100	2429	14.856	9			4	22		15		
303	22700	2379	12.957	73			6	24		3		
304	50900	2425	15.069	146			4	25		15		
305	22800	2676	14.942	112			4	16	1	3		
306	107400	2393	13.622	0			4	25		2		
307	28400	2629	9.304	79			4	15	1	3		
308	20500	2612	10.799	61			1	18		3		
309	39300	3011	13.178	4			4	19		1		
310	33700	2808	18.546	310			4	16	1	3		
311	170100	2931	14.528	100			4	9		3		
312	36600	2394	14.035	93			4	25		1		
313	41000	2983	9.395	86			4	19		3		
314	29600	2367	14.741	151			4	25		1		
315	22100	2586	15.044	96			1	18		3		
316	28800	2753	19.722	287			4	16		3		
317	22000	2372	17.439	156			4	25		2		
318	21900	2960	6.653	61			4	9		3		
319	49500	2837	14.822	311			4	16	1	3		
320	28700	2622	12.035	66			2	20		3		
321	44100	2395	11.327	103			6	24		3		
322	39000	2797	18.468	299			4	16	1	4		
323	37800	2634	11.973	90			1	18		3		
324	47300	2573	23.134	-39			3	21		2		
325	40600	2709	13.365	295			4	16		2		
326	112200	2503	22.662	0			6	24	1	3		
327	36100	2681	14.464	101			4	16	1	2		
328	100500	2480	16.272	143			4	25		15		
329	47800	2474	16.01	11			4	22		15		
330	20300	2603	24.592	80			2	20		3		
331	91200	2547	22.707	93			3	21	1	3		
332	37600	2720	8.591	19			4	16		4		
333	27500	2630	13.483	137			4	15	1	3		
334	34600	2574	15.417	282			3	21		2		
335	23600	2547	23.252	109			3	21	1	3		
336	213600	3078	15.619	93			4	19		1		
337	59600	2627	15.341	277			3	21		2		
338	317000	3103	16.14	60			4	13		3		
339	76700	2877	16.454	0			4	16	1	3		
340	55700	2424	13.16	152			4	25		1		
341	25200	2434	13.468	93			4	25		15		
342	61000	2791	14.19	-10			4	16	1	4		
343	23900	2574	14.377	114			3	21	1	3		
344	50900	2425	10.024	105			6	24	1	3		
345	46000	2433	9.135	50			4	22		15		
346	39300	2643	8.739	113			4	15	1	4		
347	139900	2577	13.899	-2			6	24	1	3		
348	21000	2416	11.807	48			4	25		3		
349	34700	2801	13.086	28			4	16	1	3		
350	111700	2707	14.437	96			4	15	1	3		
351	37400	2576	7.896	-14			3	21	1	3		
352	29600	2579	10.904	96			3	21	1	3		
353	23600	2599	14.194	121			3	21	1	3		
354	20200	2608	12.18	-32			6	24	1	3		
355	21800	2428	14.609	91			6	24	1	3		
356	29200	2757	10.146	101			4	16	1	3		
357	24900	2404	14.839	120			4	25		2		
358	57600	2404	14.58	151			4	25		2		
359	30100	2593	18.671	126			3	21	1	3		
360	23800	3146	10.764	45			4	13		3		
361	186300	2667	14.456	0			3	21		3		
362	21200	2443	12.119	109			4	25		15		
363	27900	2748	12.99	84			4	15	1	3		
364	48400	2840	14.348	-9			4	16	1	3		
365	21300	2447	11.635	89			6	24	1	3		
366	49700	2491	18.674	50			6	24	1	3		
367	36000	2422	13.608	-39			7	26		2		
368	436300	2825	17.127	85			4	16	1	3		
369	32500	2751	13.038	297			4	15	1	3		
370	37300	2712	19.911	93			4	15	1	3		
371	25800	2613	7.315	37			6	24		3		
372	77300	2598	13.94	71			3	21	1	3		
373	73900	2420	10.976	-14			7	26	1	3		
374	26900	2689	22.423	121			4	15	1	3		
375	79200	2725	16.684	115			4	15	1	3		
376	22400	2615	8.032	110			3	21	1	3		
377	45800	2758	11.083	86			5	23		3		
378	39400	2726	7.577	94			5	23		3		
379	43100	2709	14.687	298			4	15	1	2		
380	65100	2706	12.905	66			4	15	1	3		
381	34400	2473	15.253	-6			7	26	1	3		
382	33500	2786	17.188	10			4	15	1	3		
383	23600	2599	10.518	13			3	21		3		
384	23400	2409	24.298	157			4	27		2		
385	27300	2447	10.186	139			4	27		2		
386	22200	2594	8.252	35			3	21		3		
387	20200	2586	12.742	53			6	24	1	3		
388	41300	2742	12.525	10			4	15	1	3		
389	59700	2483	10.443	268			4	27		15		
390	42500	2623	10.076	17			6	24		3		
391	26300	2411	13.047	-11			4	27	1	2		
392	25000	2739	12.535	47			3	21		3		
393	57500	2530	18.278	14			7	26	1	3		
394	60400	2621	11.682	187			3	21	1	3		
395	25500	2594	7.526	95			3	21		3		
396	23900	2440	12.87	146			4	27		1		
397	25200	2799	9.787	29			4	15	1	3		
398	67300	2624	10.132	0			3	21		3		
399	325800	2823	15.796	90			4	15	1	3		
400	72100	2501	23.007	0			7	26	1	3		
401	38100	2788	16.903	41			4	15	1	3		
402	32900	2715	11.983	26			4	15	1	3		
403	20100	2416	12.258	139			4	27		2		
404	52700	2441	13.551	-14			7	26	1	3		
405	51400	2614	8.587	88			3	21		3		
406	136600	2614	12.903	256			7	26	1	2		
407	81200	2436	7.217	0			4	27	1	3		
408	53600	2437	11.879	122			7	26	1	3		
409	69000	2854	12.723	-43			4	15	1	3		
410	98700	2656	14.388	78			3	21		3		
411	66400	2463	8.501	258			4	27		15		
412	29800	2447	9.463	126			4	27		1		
413	33700	2706	21.416	37			3	21		3		
414	77400	2469	13.602	104			4	27		2		
415	84300	2633	12.441	0			7	26		3		
416	36100	2841	7.781	0			4	15		3		
417	56800	2586	8.377	0			7	26	1	3		
418	92600	2574	16.242	261			7	26		2		
419	30400	2569	9.454	266			7	26		3		
420	28600	2446	14.785	158			4	27	1	2		
421	74100	2486	18.916	90			7	26	1	3		
422	30800	2487	5.615	173			4	27		3		
423	35100	2570	16.949	280			7	26		2		
424	95100	2560	13.522	61			7	26	1	3		
425	52300	2598	7.369	39			7	26		3		
426	51800	2449	8.386	73			4	27	1	3		
427	25500	2522	25.66	280			7	26		3		
428	22100	2472	11.203	225			4	27	1	3		
429	32700	2474	10.387	152			4	27	1	3		
430	50200	2496	14.442	19			4	27	1	3		
431	21100	2925	17.722	73			4	15		3		
432	25400	2492	9.987	96			4	27	1	3		
433	30500	2521	15.837	38			7	26	1	3		
434	100100	2920	16.014	90			4	15		3		
435	50700	2473	14.29	64			4	27	1	3		
436	25700	2530	23.099	13			4	27	1	3		
437	47500	2620	6.958	-34			7	26		3		
438	28400	2545	12.914	35			4	27	1	3		
439	31900	2554	12.26	44			7	26	1	3		
440	26600	2546	15.004	91			7	26	1	3		
441	82000	2498	10.114	0			4	27	1	3		
442	46400	2483	12.032	150			4	27	1	3		
443	22000	2567	7.146	-5			7	26	1	3		
444	31900	2540	18.031	108			7	26	1	3		
445	26100	2505	14.853	57			4	27	1	3		
446	41900	2497	14.548	115			4	27	1	3		
447	31500	2576	6.983	102			7	26	1	3		
448	20400	2569	9.219	133			7	26	1	3		
449	49600	2581	12.895	78			7	26	1	3		
# end of hru.par
