# reach.par created Fri, 16 Jun 2023, 18:14:45 called by HRU-delin
ID	to-reach	length	slope	sinuosity	rough	width
0	0	0	0	1	0	0
999999	999999	99999	90999999	9999	9999
n/a	n/a	m	%	n/a	n/a	m
1	2	537.99	7.2492	1.0	30	0.56
2	30	964.26	4.9779	1.0	30	0.94
3	28	572.84	6.2845	1.0	30	0.48
4	6	545.27	9.9034	1.0	30	0.44
5	6	245.56	8.5519	1.0	30	0.45
6	27	766.27	6.7861	1.0	30	0.71
7	21	393.85	8.6327	1.0	30	0.44
8	16	1921.37	10.8777	1.0	30	0.57
9	13	1241.96	7.3271	1.0	30	0.6
10	12	967.11	9.3061	1.0	30	0.53
11	12	1836.52	7.5142	1.0	30	0.69
12	13	1946.93	5.8554	1.0	30	1.13
13	15	1368.53	4.4573	1.0	30	1.42
14	15	38.28	0.01	1.0	30	0.29
15	16	1497.11	5.6776	1.0	30	1.53
16	18	517.7	5.4085	1.0	30	1.73
17	18	2802.91	7.2068	1.0	30	0.83
18	20	702.13	3.8454	1.0	30	2.02
19	20	2625.34	7.58	1.0	30	0.74
20	21	884.97	3.8419	1.0	30	2.23
21	22	58.28	5.1476	1.0	30	2.22
22	24	838.7	3.9347	1.0	30	2.39
23	24	907.7	6.8305	1.0	30	0.52
24	25	278.99	3.5844	1.0	30	2.54
25	26	937.7	3.7325	1.0	30	2.52
26	27	64.14	1.5591	1.0	30	2.56
27	28	462.84	3.2409	1.0	30	2.69
28	29	323.85	3.0878	1.0	30	2.8
29	30	463.14	2.8069	1.0	30	2.86
30	31	759.77	2.6324	1.0	30	3.0
31	0	0.36	0.01	1.0	30	3.1
32	33	1571.11	9.1655	1.0	30	0.58
33	2	115.41	8.6648	1.0	30	0.71
34	35	686.26	8.8888	1.0	30	0.45
35	29	92.86	6.4613	1.0	30	1.08
36	37	1782.73	11.1627	1.0	30	0.62
37	28	125.21	7.9866	1.0	30	1.1
38	39	490.35	8.1574	1.0	30	0.42
39	26	48.64	12.3355	1.0	30	1.28
40	41	258.44	8.8996	1.0	30	0.45
41	25	58.84	11.8967	1.0	30	1.15
42	43	1000.99	8.9911	1.0	30	0.56
43	22	95.41	10.4811	1.0	30	0.96
# end of reach.par